Solution 90, distance 1.99522538724
[23, 22, 7, 19, 18, 2, 20, 5, 16, 25, 10, 6, 8, 4, 17, 14, 15, 1, 9, 21, 3, 13, 0, 11, 12, 24]
Solution 90, distance 1.99582453786
[9, 24, 12, 11, 0, 13, 3, 6, 10, 25, 23, 15, 20, 17, 4, 8, 2, 21, 16, 1, 5, 14, 18, 19, 7, 22]
Solution 90, distance 1.9933055472
[9, 1, 5, 14, 18, 19, 7, 22, 10, 25, 23, 15, 20, 17, 4, 8, 2, 21, 16, 24, 12, 11, 0, 13, 3, 6]
Solution 90, distance 1.99536130695
[16, 1, 5, 14, 18, 19, 7, 22, 10, 25, 9, 20, 12, 17, 4, 8, 2, 21, 23, 24, 15, 11, 0, 13, 3, 6]
Solution 90, distance 1.99802474955
[9, 5, 20, 14, 18, 19, 7, 22, 10, 25, 23, 1, 12, 17, 4, 8, 2, 21, 16, 24, 15, 11, 0, 13, 3, 6]
Solution 90, distance 1.99968179313
[23, 5, 20, 2, 18, 19, 7, 22, 16, 25, 24, 15, 14, 17, 4, 8, 6, 10, 9, 1, 12, 11, 0, 13, 3, 21]
Solution 90, distance 1.9933055472
[9, 1, 5, 14, 18, 19, 7, 22, 10, 25, 23, 15, 20, 17, 4, 8, 2, 21, 16, 24, 12, 11, 0, 13, 3, 6]
Solution 90, distance 1.99582453786
[9, 24, 12, 11, 0, 13, 3, 6, 10, 25, 23, 15, 20, 17, 4, 8, 2, 21, 16, 1, 5, 14, 18, 19, 7, 22]
Solution 90, distance 1.99404755493
[25, 22, 7, 19, 18, 2, 20, 5, 23, 16, 10, 6, 8, 4, 17, 14, 15, 1, 9, 21, 3, 13, 0, 11, 12, 24]
Solution 90, distance 1.99920468951
[16, 6, 2, 13, 8, 3, 11, 1, 9, 25, 10, 5, 14, 19, 4, 0, 12, 24, 23, 22, 20, 7, 18, 17, 15, 21]
Solution 90, distance 1.9933055472
[9, 1, 5, 14, 18, 19, 7, 22, 10, 25, 23, 15, 20, 17, 4, 8, 2, 21, 16, 24, 12, 11, 0, 13, 3, 6]
Solution 90, distance 1.99920468951
[16, 6, 2, 13, 8, 3, 11, 1, 9, 25, 10, 5, 14, 19, 4, 0, 12, 24, 23, 22, 20, 7, 18, 17, 15, 21]
Solution 90, distance 1.99968179313
[23, 5, 20, 2, 18, 19, 7, 22, 16, 25, 24, 15, 14, 17, 4, 8, 6, 10, 9, 1, 12, 11, 0, 13, 3, 21]
Solution 90, distance 1.99920468951
[16, 6, 2, 13, 8, 3, 11, 1, 9, 25, 10, 5, 14, 19, 4, 0, 12, 24, 23, 22, 20, 7, 18, 17, 15, 21]
Solution 90, distance 1.99444789052
[25, 22, 7, 19, 18, 2, 20, 5, 16, 9, 10, 6, 8, 4, 17, 14, 15, 1, 23, 21, 3, 13, 0, 11, 12, 24]
Solution 90, distance 1.99324770829
[25, 21, 3, 13, 0, 11, 12, 24, 23, 9, 10, 6, 8, 4, 17, 14, 15, 1, 16, 22, 7, 19, 18, 2, 20, 5]
Solution 90, distance 1.99404755493
[25, 22, 7, 19, 18, 2, 20, 5, 23, 16, 10, 6, 8, 4, 17, 14, 15, 1, 9, 21, 3, 13, 0, 11, 12, 24]
